EXTNAME = 'ARRAY_GEOMETRY'     /
EXTVER  =                    1 /
ARRAYX  =  4461.122E+03 / ECEF from Lat,Long, Height (ellipsoidal)
ARRAYY  =  919.469E+00 /
ARRAYZ  =  4449.776E+00 /
ARRNAM  = 'MEDICINA'           /
NUMORB  =                    0 /
FRAME   = 'GEOCENTRIC'         /
TIMSYS  = 'UTC     '           /
TIMESYS = 'UTC     '           /
GSTIA0  =   3.30909596261338038E+02 / Grenwich Sidereal time at 0 hrs
DEGPDY  =   3.60985644973299998E+02 / Earths rot. rate in deg per day
POLARX  =   2.08099999999999996E-01 / 
POLARY  =   2.80019999999999989E-01 /
UT1UTC  =  -1.63126999999999995E-01 /
IATUTC  =   3.30000000000000000E+01 /
TABREV  =                    1 /
END